Note that the current default version of R is 3.6.1.
annot: /project2/gilad/anthonyhung/Projects/OAStrain_project/SLDSR-SEG/annot/ldscores/baseline_gene_MAF_LD
1
Annotations included: 
 [1] "CHR"                          "BP"                          
 [3] "SNP"                          "CM"                          
 [5] "base"                         "Coding_UCSC"                 
 [7] "Coding_UCSC.extend.500"       "UTR_5_UCSC"                  
 [9] "UTR_5_UCSC.extend.500"        "UTR_3_UCSC"                  
[11] "UTR_3_UCSC.extend.500"        "Intron_UCSC"                 
[13] "Intron_UCSC.extend.500"       "Promoter_UCSC"               
[15] "Promoter_UCSC.extend.500"     "MAFbin1"                     
[17] "MAFbin2"                      "MAFbin3"                     
[19] "MAFbin4"                      "MAFbin5"                     
[21] "MAFbin6"                      "MAFbin7"                     
[23] "MAFbin8"                      "MAFbin9"                     
[25] "MAFbin10"                     "MAF_Adj_Predicted_Allele_Age"
[27] "MAF_Adj_LLD_AFR"              "Recomb_Rate_10kb"            
[29] "Nucleotide_Diversity_10kb"    "Backgrd_Selection_Stat"      
[31] "CpG_Content_50kb"            
CHR	BP	SNP	CM	base	Coding_UCSC	Coding_UCSC.extend.500	UTR_5_UCSC	UTR_5_UCSC.extend.500	UTR_3_UCSC	UTR_3_UCSC.extend.500	Intron_UCSC	Intron_UCSC.extend.500	Promoter_UCSC	Promoter_UCSC.extend.500	MAFbin1	MAFbin2	MAFbin3	MAFbin4	MAFbin5	MAFbin6	MAFbin7	MAFbin8	MAFbin9	MAFbin10	MAF_Adj_Predicted_Allele_Age	MAF_Adj_LLD_AFR	Recomb_Rate_10kb	Nucleotide_Diversity_10kb	Backgrd_Selection_Stat	CpG_Content_50kb
1	11008	rs575272151	0	1	0	0	0	0	0	0	0	0	1	1	0	1	0	0	0	0	0	0	0	0	0	-1.027613	0	1.8	0.006	0.01424
Computing LD scores with the annot file baseline_gene_MAF_LD.1.annot.gz
/tmp/slurmd/job5889055/slurm_script: line 16: 29422 Bus error               python2 /project2/gilad/anthonyhung/Projects/ldsc/ldsc.py --l2 --bfile /project2/gilad/anthonyhung/Projects/OAStrain_project/SLDSR-SEG/1000G_EUR_Phase3_plink/1000G.EUR.QC.${chrom} --print-snps /project2/gilad/anthonyhung/Projects/OAStrain_project/SLDSR-SEG/listHM3.txt --ld-wind-cm 1 --annot ${dir_ldscore}/${name_annot}/${name_annot}.${chrom}.annot.gz --out ${dir_ldscore}/${name_annot}/${name_annot}.${chrom}
2
Annotations included: 
 [1] "CHR"                          "BP"                          
 [3] "SNP"                          "CM"                          
 [5] "base"                         "Coding_UCSC"                 
 [7] "Coding_UCSC.extend.500"       "UTR_5_UCSC"                  
 [9] "UTR_5_UCSC.extend.500"        "UTR_3_UCSC"                  
[11] "UTR_3_UCSC.extend.500"        "Intron_UCSC"                 
[13] "Intron_UCSC.extend.500"       "Promoter_UCSC"               
[15] "Promoter_UCSC.extend.500"     "MAFbin1"                     
[17] "MAFbin2"                      "MAFbin3"                     
[19] "MAFbin4"                      "MAFbin5"                     
[21] "MAFbin6"                      "MAFbin7"                     
[23] "MAFbin8"                      "MAFbin9"                     
[25] "MAFbin10"                     "MAF_Adj_Predicted_Allele_Age"
[27] "MAF_Adj_LLD_AFR"              "Recomb_Rate_10kb"            
[29] "Nucleotide_Diversity_10kb"    "Backgrd_Selection_Stat"      
[31] "CpG_Content_50kb"            
CHR	BP	SNP	CM	base	Coding_UCSC	Coding_UCSC.extend.500	UTR_5_UCSC	UTR_5_UCSC.extend.500	UTR_3_UCSC	UTR_3_UCSC.extend.500	Intron_UCSC	Intron_UCSC.extend.500	Promoter_UCSC	Promoter_UCSC.extend.500	MAFbin1	MAFbin2	MAFbin3	MAFbin4	MAFbin5	MAFbin6	MAFbin7	MAFbin8	MAFbin9	MAFbin10	MAF_Adj_Predicted_Allele_Age	MAF_Adj_LLD_AFR	Recomb_Rate_10kb	Nucleotide_Diversity_10kb	Backgrd_Selection_Stat	CpG_Content_50kb
2	10188	rs550428710	-0.0014153337	1	0	0	0	0	0	0	0	0	0	0	0	0	0	0	0	0	0	0	0	0	0	0	0.4091694	6.6	0.018	0.01496
Computing LD scores with the annot file baseline_gene_MAF_LD.2.annot.gz
/tmp/slurmd/job5889055/slurm_script: line 16: 29899 Killed                  python2 /project2/gilad/anthonyhung/Projects/ldsc/ldsc.py --l2 --bfile /project2/gilad/anthonyhung/Projects/OAStrain_project/SLDSR-SEG/1000G_EUR_Phase3_plink/1000G.EUR.QC.${chrom} --print-snps /project2/gilad/anthonyhung/Projects/OAStrain_project/SLDSR-SEG/listHM3.txt --ld-wind-cm 1 --annot ${dir_ldscore}/${name_annot}/${name_annot}.${chrom}.annot.gz --out ${dir_ldscore}/${name_annot}/${name_annot}.${chrom}
3
Annotations included: 
 [1] "CHR"                          "BP"                          
 [3] "SNP"                          "CM"                          
 [5] "base"                         "Coding_UCSC"                 
 [7] "Coding_UCSC.extend.500"       "UTR_5_UCSC"                  
 [9] "UTR_5_UCSC.extend.500"        "UTR_3_UCSC"                  
[11] "UTR_3_UCSC.extend.500"        "Intron_UCSC"                 
[13] "Intron_UCSC.extend.500"       "Promoter_UCSC"               
[15] "Promoter_UCSC.extend.500"     "MAFbin1"                     
[17] "MAFbin2"                      "MAFbin3"                     
[19] "MAFbin4"                      "MAFbin5"                     
[21] "MAFbin6"                      "MAFbin7"                     
[23] "MAFbin8"                      "MAFbin9"                     
[25] "MAFbin10"                     "MAF_Adj_Predicted_Allele_Age"
[27] "MAF_Adj_LLD_AFR"              "Recomb_Rate_10kb"            
[29] "Nucleotide_Diversity_10kb"    "Backgrd_Selection_Stat"      
[31] "CpG_Content_50kb"            
CHR	BP	SNP	CM	base	Coding_UCSC	Coding_UCSC.extend.500	UTR_5_UCSC	UTR_5_UCSC.extend.500	UTR_3_UCSC	UTR_3_UCSC.extend.500	Intron_UCSC	Intron_UCSC.extend.500	Promoter_UCSC	Promoter_UCSC.extend.500	MAFbin1	MAFbin2	MAFbin3	MAFbin4	MAFbin5	MAFbin6	MAFbin7	MAFbin8	MAFbin9	MAFbin10	MAF_Adj_Predicted_Allele_Age	MAF_Adj_LLD_AFR	Recomb_Rate_10kb	Nucleotide_Diversity_10kb	Backgrd_Selection_Stat	CpG_Content_50kb
3	60197	rs115479960	-0.0013859568	1	0	0	0	0	0	0	0	0	0	0	1	0	0	0	0	0	0	0	0	0	0	0.0293113	0.801663	5.9	0.013	0.00672
Computing LD scores with the annot file baseline_gene_MAF_LD.3.annot.gz
/tmp/slurmd/job5889055/slurm_script: line 16: 30332 Bus error               python2 /project2/gilad/anthonyhung/Projects/ldsc/ldsc.py --l2 --bfile /project2/gilad/anthonyhung/Projects/OAStrain_project/SLDSR-SEG/1000G_EUR_Phase3_plink/1000G.EUR.QC.${chrom} --print-snps /project2/gilad/anthonyhung/Projects/OAStrain_project/SLDSR-SEG/listHM3.txt --ld-wind-cm 1 --annot ${dir_ldscore}/${name_annot}/${name_annot}.${chrom}.annot.gz --out ${dir_ldscore}/${name_annot}/${name_annot}.${chrom}
4
Annotations included: 
 [1] "CHR"                          "BP"                          
 [3] "SNP"                          "CM"                          
 [5] "base"                         "Coding_UCSC"                 
 [7] "Coding_UCSC.extend.500"       "UTR_5_UCSC"                  
 [9] "UTR_5_UCSC.extend.500"        "UTR_3_UCSC"                  
[11] "UTR_3_UCSC.extend.500"        "Intron_UCSC"                 
[13] "Intron_UCSC.extend.500"       "Promoter_UCSC"               
[15] "Promoter_UCSC.extend.500"     "MAFbin1"                     
[17] "MAFbin2"                      "MAFbin3"                     
[19] "MAFbin4"                      "MAFbin5"                     
[21] "MAFbin6"                      "MAFbin7"                     
[23] "MAFbin8"                      "MAFbin9"                     
[25] "MAFbin10"                     "MAF_Adj_Predicted_Allele_Age"
[27] "MAF_Adj_LLD_AFR"              "Recomb_Rate_10kb"            
[29] "Nucleotide_Diversity_10kb"    "Backgrd_Selection_Stat"      
[31] "CpG_Content_50kb"            
CHR	BP	SNP	CM	base	Coding_UCSC	Coding_UCSC.extend.500	UTR_5_UCSC	UTR_5_UCSC.extend.500	UTR_3_UCSC	UTR_3_UCSC.extend.500	Intron_UCSC	Intron_UCSC.extend.500	Promoter_UCSC	Promoter_UCSC.extend.500	MAFbin1	MAFbin2	MAFbin3	MAFbin4	MAFbin5	MAFbin6	MAFbin7	MAFbin8	MAFbin9	MAFbin10	MAF_Adj_Predicted_Allele_Age	MAF_Adj_LLD_AFR	Recomb_Rate_10kb	Nucleotide_Diversity_10kb	Backgrd_Selection_Stat	CpG_Content_50kb
4	10253	rs575854682	-0.018712923	1	0	0	0	0	0	0	0	0	0	0	0	0	0	0	0	0	0	0	0	0	0	0	2.345149	1.4	0.012	0.01382
Computing LD scores with the annot file baseline_gene_MAF_LD.4.annot.gz
/tmp/slurmd/job5889055/slurm_script: line 16: 31762 Bus error               python2 /project2/gilad/anthonyhung/Projects/ldsc/ldsc.py --l2 --bfile /project2/gilad/anthonyhung/Projects/OAStrain_project/SLDSR-SEG/1000G_EUR_Phase3_plink/1000G.EUR.QC.${chrom} --print-snps /project2/gilad/anthonyhung/Projects/OAStrain_project/SLDSR-SEG/listHM3.txt --ld-wind-cm 1 --annot ${dir_ldscore}/${name_annot}/${name_annot}.${chrom}.annot.gz --out ${dir_ldscore}/${name_annot}/${name_annot}.${chrom}
5
Annotations included: 
 [1] "CHR"                          "BP"                          
 [3] "SNP"                          "CM"                          
 [5] "base"                         "Coding_UCSC"                 
 [7] "Coding_UCSC.extend.500"       "UTR_5_UCSC"                  
 [9] "UTR_5_UCSC.extend.500"        "UTR_3_UCSC"                  
[11] "UTR_3_UCSC.extend.500"        "Intron_UCSC"                 
[13] "Intron_UCSC.extend.500"       "Promoter_UCSC"               
[15] "Promoter_UCSC.extend.500"     "MAFbin1"                     
[17] "MAFbin2"                      "MAFbin3"                     
[19] "MAFbin4"                      "MAFbin5"                     
[21] "MAFbin6"                      "MAFbin7"                     
[23] "MAFbin8"                      "MAFbin9"                     
[25] "MAFbin10"                     "MAF_Adj_Predicted_Allele_Age"
[27] "MAF_Adj_LLD_AFR"              "Recomb_Rate_10kb"            
[29] "Nucleotide_Diversity_10kb"    "Backgrd_Selection_Stat"      
[31] "CpG_Content_50kb"            
CHR	BP	SNP	CM	base	Coding_UCSC	Coding_UCSC.extend.500	UTR_5_UCSC	UTR_5_UCSC.extend.500	UTR_3_UCSC	UTR_3_UCSC.extend.500	Intron_UCSC	Intron_UCSC.extend.500	Promoter_UCSC	Promoter_UCSC.extend.500	MAFbin1	MAFbin2	MAFbin3	MAFbin4	MAFbin5	MAFbin6	MAFbin7	MAFbin8	MAFbin9	MAFbin10	MAF_Adj_Predicted_Allele_Age	MAF_Adj_LLD_AFR	Recomb_Rate_10kb	Nucleotide_Diversity_10kb	Backgrd_Selection_Stat	CpG_Content_50kb
5	10056	rs528775171	0	1	0	0	0	0	0	0	0	0	0	0	0	1	0	0	0	0	0	0	0	0	0	-1.18153	0	4.3	0.018	0.01746
Computing LD scores with the annot file baseline_gene_MAF_LD.5.annot.gz
*********************************************************************
* LD Score Regression (LDSC)
* Version 1.0.1
* (C) 2014-2019 Brendan Bulik-Sullivan and Hilary Finucane
* Broad Institute of MIT and Harvard / MIT Department of Mathematics
* GNU General Public License v3
*********************************************************************
Call: 
./ldsc.py \
--print-snps /project2/gilad/anthonyhung/Projects/OAStrain_project/SLDSR-SEG/listHM3.txt \
--ld-wind-cm 1.0 \
--out /project2/gilad/anthonyhung/Projects/OAStrain_project/SLDSR-SEG/annot/ldscores/baseline_gene_MAF_LD/baseline_gene_MAF_LD.5 \
--bfile /project2/gilad/anthonyhung/Projects/OAStrain_project/SLDSR-SEG/1000G_EUR_Phase3_plink/1000G.EUR.QC.5 \
--annot /project2/gilad/anthonyhung/Projects/OAStrain_project/SLDSR-SEG/annot/ldscores/baseline_gene_MAF_LD/baseline_gene_MAF_LD.5.annot.gz \
--l2  

Beginning analysis at Sun Oct  4 20:26:20 2020
Read list of 633015 SNPs from /project2/gilad/anthonyhung/Projects/OAStrain_project/SLDSR-SEG/1000G_EUR_Phase3_plink/1000G.EUR.QC.5.bim
Read 27 annotations for 633015 SNPs from /project2/gilad/anthonyhung/Projects/OAStrain_project/SLDSR-SEG/annot/ldscores/baseline_gene_MAF_LD/baseline_gene_MAF_LD.5.annot.gz
Read list of 489 individuals from /project2/gilad/anthonyhung/Projects/OAStrain_project/SLDSR-SEG/1000G_EUR_Phase3_plink/1000G.EUR.QC.5.fam
Reading genotypes from /project2/gilad/anthonyhung/Projects/OAStrain_project/SLDSR-SEG/1000G_EUR_Phase3_plink/1000G.EUR.QC.5.bed
After filtering, 633015 SNPs remain
Estimating LD Score.
Reading list of 1217311 SNPs for which to print LD Scores from /project2/gilad/anthonyhung/Projects/OAStrain_project/SLDSR-SEG/listHM3.txt
After merging with --print-snps, LD Scores for 75164 SNPs will be printed.
Writing LD Scores for 75164 SNPs to /project2/gilad/anthonyhung/Projects/OAStrain_project/SLDSR-SEG/annot/ldscores/baseline_gene_MAF_LD/baseline_gene_MAF_LD.5.l2.ldscore.gz

Summary of LD Scores in /project2/gilad/anthonyhung/Projects/OAStrain_project/SLDSR-SEG/annot/ldscores/baseline_gene_MAF_LD/baseline_gene_MAF_LD.5.l2.ldscore.gz
         MAF     baseL2  Coding_UCSCL2  Coding_UCSC.extend.500L2  UTR_5_UCSCL2  UTR_5_UCSC.extend.500L2  UTR_3_UCSCL2  UTR_3_UCSC.extend.500L2  Intron_UCSCL2  Intron_UCSC.extend.500L2  Promoter_UCSCL2  Promoter_UCSC.extend.500L2  MAFbin1L2  MAFbin2L2  MAFbin3L2  MAFbin4L2  MAFbin5L2  MAFbin6L2  MAFbin7L2  MAFbin8L2  MAFbin9L2  MAFbin10L2  MAF_Adj_Predicted_Allele_AgeL2  MAF_Adj_LLD_AFRL2  Recomb_Rate_10kbL2  Nucleotide_Diversity_10kbL2  Backgrd_Selection_StatL2  CpG_Content_50kbL2
mean  0.2369   131.2934         1.5367                    6.8480        0.5248                   2.5406        1.0902                   2.6249        45.6184                   46.4856           4.0984                      5.0192     6.4547     6.9306     9.2486     9.7832    11.5874    12.6187    14.5101    15.6272    13.8944     13.6651                          3.9581            60.4316            102.4661                     538.4873                   32.0941              1.0311
std   0.1421   128.3931         3.2286                   12.1038        1.3019                   5.3006        2.0596                   4.9823        62.6742                   63.5839           7.6166                      9.1576    18.7804    14.7304    22.5157    17.3004    20.9662    23.6981    30.0678    39.3747    24.9198     26.3854                         50.9769           220.5278             57.8976                     560.1641                   59.8525              0.9641
min   0.0051    -1.1882        -0.1606                   -0.6400       -0.0908                  -0.3443       -0.1298                  -0.2879        -3.0083                   -3.0018          -0.2880                     -0.3659    -1.0527    -1.0442    -1.4842    -0.7712    -0.8705    -0.9565    -1.8004    -2.4094    -1.0331     -1.1900                       -387.3212          -745.5742             -0.4003                      -6.7053                   -1.1537             -0.0032
25%   0.1125    53.4132         0.0362                    0.2317        0.0051                   0.0860        0.0302                   0.1029         3.9818                    4.1685           0.2684                      0.3374     1.0733     1.1730     1.3712     1.7514     1.8759     2.0289     2.0713     2.1338     2.1622      1.8675                        -13.5380           -20.1303             64.3606                     211.8974                    4.4049              0.4610
50%   0.2280    96.0160         0.3087                    1.8601        0.0659                   0.5903        0.2343                   0.7065        21.8430                   22.5883           1.3721                      1.7103     2.3095     2.6223     3.3738     4.2959     4.7998     5.3017     5.5151     5.7350     5.8045      5.0135                         -1.2067             3.1283             91.5786                     383.6991                   12.1853              0.7778
75%   0.3569   165.8185         1.6178                    7.9858        0.4006                   2.5469        1.1730                   2.9884        62.6813                   63.8428           4.7892                      5.8699     5.2453     6.0929     8.1813    10.5298    11.9547    13.3391    14.3037    15.1494    14.9080     13.6950                         12.0226            67.5089            127.1628                     676.7475                   32.2721              1.2637
max   0.5000  1898.3441        48.9055                  116.7869       20.2148                  69.1406       22.5005                  63.1694       495.4759                  503.9604         116.9564                    137.8037   462.1224   230.0546   539.1790   241.0046   326.7877   311.1619   409.2032   990.5335   345.7284    313.1226                        585.2348          4662.6715            823.5067                    8877.7908                  707.6129             12.7422

MAF/LD Score Correlation Matrix
                                   MAF  baseL2  Coding_UCSCL2  Coding_UCSC.extend.500L2  UTR_5_UCSCL2  UTR_5_UCSC.extend.500L2  UTR_3_UCSCL2  UTR_3_UCSC.extend.500L2  Intron_UCSCL2  Intron_UCSC.extend.500L2  Promoter_UCSCL2  Promoter_UCSC.extend.500L2  MAFbin1L2  MAFbin2L2  MAFbin3L2  MAFbin4L2  MAFbin5L2  MAFbin6L2  MAFbin7L2  MAFbin8L2  MAFbin9L2  MAFbin10L2  MAF_Adj_Predicted_Allele_AgeL2  MAF_Adj_LLD_AFRL2  Recomb_Rate_10kbL2  Nucleotide_Diversity_10kbL2  Backgrd_Selection_StatL2  CpG_Content_50kbL2
MAF                             1.0000  0.1632         0.0612                    0.0815        0.0456                   0.0541        0.0585                   0.0811         0.0932                    0.0940           0.0963                      0.0983    -0.1737    -0.1814    -0.1096    -0.0519     0.0418     0.1227     0.2033     0.2207     0.3876      0.4323                         -0.1248             0.0664              0.2418                       0.1582                    0.0733              0.1681
baseL2                          0.1632  1.0000         0.3080                    0.3883        0.2889                   0.3984        0.3321                   0.3068         0.5202                    0.5215           0.3842                      0.3926     0.2277     0.2654     0.3827     0.3178     0.4711     0.5184     0.5432     0.7224     0.6053      0.5125                         -0.0111             0.8690              0.2039                       0.9415                    0.8048              0.8787
Coding_UCSCL2                   0.0612  0.3080         1.0000                    0.8123        0.6032                   0.6265        0.8170                   0.7272         0.4714                    0.4812           0.8074                      0.8103     0.0689     0.0827     0.1414     0.0948     0.1215     0.2259     0.1647     0.1166     0.1498      0.2274                          0.1096             0.1766              0.0015                       0.2284                    0.5418              0.5238
Coding_UCSC.extend.500L2        0.0815  0.3883         0.8123                    1.0000        0.6347                   0.7857        0.7257                   0.7603         0.6921                    0.7022           0.7796                      0.7889     0.0434     0.1400     0.2414     0.0970     0.1601     0.3102     0.2241     0.1555     0.2139      0.1944                          0.1876             0.2227              0.0202                       0.2868                    0.6425              0.6213
UTR_5_UCSCL2                    0.0456  0.2889         0.6032                    0.6347        1.0000                   0.8049        0.5419                   0.4562         0.4594                    0.4673           0.6725                      0.6745     0.0437     0.0815     0.2319     0.1091     0.1076     0.3010     0.1134     0.1125     0.1108      0.1202                          0.1638             0.1525              0.0097                       0.2160                    0.4650              0.4796
UTR_5_UCSC.extend.500L2         0.0541  0.3984         0.6265                    0.7857        0.8049                   1.0000        0.5651                   0.5281         0.6324                    0.6401           0.7586                      0.7622     0.0494     0.1498     0.2698     0.1154     0.2000     0.3933     0.1859     0.1478     0.1595      0.1419                          0.1629             0.2420              0.0318                       0.2810                    0.6426              0.5954
UTR_3_UCSCL2                    0.0585  0.3321         0.8170                    0.7257        0.5419                   0.5651        1.0000                   0.8397         0.4822                    0.4902           0.6213                      0.6289     0.0806     0.0900     0.1298     0.1060     0.1251     0.2312     0.2151     0.1293     0.1681      0.1836                          0.0676             0.2001              0.0049                       0.2471                    0.5002              0.4940
UTR_3_UCSC.extend.500L2         0.0811  0.3068         0.7272                    0.7603        0.4562                   0.5281        0.8397                   1.0000         0.5114                    0.5203           0.6370                      0.6451     0.0477     0.0916     0.1137     0.0922     0.1218     0.1924     0.2344     0.0967     0.1711      0.2244                          0.0707             0.1808             -0.0051                       0.2194                    0.4730              0.4679
Intron_UCSCL2                   0.0932  0.5202         0.4714                    0.6921        0.4594                   0.6324        0.4822                   0.5114         1.0000                    0.9998           0.5369                      0.5495     0.0620     0.1881     0.2674     0.2199     0.2408     0.3663     0.3376     0.2354     0.2604      0.2183                          0.0777             0.3346              0.0331                       0.3902                    0.6821              0.6163
Intron_UCSC.extend.500L2        0.0940  0.5215         0.4812                    0.7022        0.4673                   0.6401        0.4902                   0.5203         0.9998                    1.0000           0.5459                      0.5584     0.0619     0.1880     0.2682     0.2190     0.2415     0.3682     0.3375     0.2354     0.2619      0.2199                          0.0805             0.3347              0.0337                       0.3917                    0.6853              0.6208
Promoter_UCSCL2                 0.0963  0.3842         0.8074                    0.7796        0.6725                   0.7586        0.6213                   0.6370         0.5369                    0.5459           1.0000                      0.9964     0.0624     0.1212     0.1859     0.0983     0.1442     0.3217     0.1592     0.1699     0.2144      0.3118                          0.0755             0.2440              0.0244                       0.2940                    0.6078              0.6274
Promoter_UCSC.extend.500L2      0.0983  0.3926         0.8103                    0.7889        0.6745                   0.7622        0.6289                   0.6451         0.5495                    0.5584           0.9964                      1.0000     0.0658     0.1201     0.1940     0.1005     0.1430     0.3227     0.1811     0.1765     0.2175      0.3108                          0.0787             0.2530              0.0272                       0.3012                    0.6150              0.6367
MAFbin1L2                      -0.1737  0.2277         0.0689                    0.0434        0.0437                   0.0494        0.0806                   0.0477         0.0620                    0.0619           0.0624                      0.0658     1.0000     0.2511     0.0659     0.0834     0.0140     0.0093     0.0170     0.0125    -0.0214     -0.0171                          0.3465             0.2146              0.0759                       0.2566                    0.1526              0.1692
MAFbin2L2                      -0.1814  0.2654         0.0827                    0.1400        0.0815                   0.1498        0.0900                   0.0916         0.1881                    0.1880           0.1212                      0.1201     0.2511     1.0000     0.3070     0.0788     0.0609     0.0754     0.0027     0.0277    -0.0006     -0.0174                          0.2408             0.2039              0.0502                       0.2466                    0.2307              0.2285
MAFbin3L2                      -0.1096  0.3827         0.1414                    0.2414        0.2319                   0.2698        0.1298                   0.1137         0.2674                    0.2682           0.1859                      0.1940     0.0659     0.3070     1.0000     0.2152     0.1366     0.0615     0.0064     0.1740     0.1122      0.0585                          0.1579             0.3580              0.0274                       0.3636                    0.3275              0.4021
MAFbin4L2                      -0.0519  0.3178         0.0948                    0.0970        0.1091                   0.1154        0.1060                   0.0922         0.2199                    0.2190           0.0983                      0.1005     0.0834     0.0788     0.2152     1.0000     0.2414     0.1280     0.0626     0.0890     0.0585      0.0537                          0.0669             0.2298              0.0925                       0.2884                    0.2188              0.2609
MAFbin5L2                       0.0418  0.4711         0.1215                    0.1601        0.1076                   0.2000        0.1251                   0.1218         0.2408                    0.2415           0.1442                      0.1430     0.0140     0.0609     0.1366     0.2414     1.0000     0.4117     0.1912     0.1844     0.1537      0.1243                          0.0607             0.3709              0.1609                       0.4418                    0.3313              0.3899
MAFbin6L2                       0.1227  0.5184         0.2259                    0.3102        0.3010                   0.3933        0.2312                   0.1924         0.3663                    0.3682           0.3217                      0.3227     0.0093     0.0754     0.0615     0.1280     0.4117     1.0000     0.2802     0.2736     0.1974      0.1420                         -0.0588             0.3736              0.1253                       0.4336                    0.5085              0.4800
MAFbin7L2                       0.2033  0.5432         0.1647                    0.2241        0.1134                   0.1859        0.2151                   0.2344         0.3376                    0.3375           0.1592                      0.1811     0.0170     0.0027     0.0064     0.0626     0.1912     0.2802     1.0000     0.3934     0.2864      0.1739                         -0.0050             0.4618              0.1481                       0.5063                    0.4569              0.4670
MAFbin8L2                       0.2207  0.7224         0.1166                    0.1555        0.1125                   0.1478        0.1293                   0.0967         0.2354                    0.2354           0.1699                      0.1765     0.0125     0.0277     0.1740     0.0890     0.1844     0.2736     0.3934     1.0000     0.5356      0.3929                         -0.1969             0.8088              0.0862                       0.7168                    0.5489              0.6132
MAFbin9L2                       0.3876  0.6053         0.1498                    0.2139        0.1108                   0.1595        0.1681                   0.1711         0.2604                    0.2619           0.2144                      0.2175    -0.0214    -0.0006     0.1122     0.0585     0.1537     0.1974     0.2864     0.5356     1.0000      0.4668                         -0.1630             0.5587              0.1243                       0.5736                    0.4449              0.5144
MAFbin10L2                      0.4323  0.5125         0.2274                    0.1944        0.1202                   0.1419        0.1836                   0.2244         0.2183                    0.2199           0.3118                      0.3108    -0.0171    -0.0174     0.0585     0.0537     0.1243     0.1420     0.1739     0.3929     0.4668      1.0000                         -0.1465             0.4334              0.1627                       0.4915                    0.3495              0.4754
MAF_Adj_Predicted_Allele_AgeL2 -0.1248 -0.0111         0.1096                    0.1876        0.1638                   0.1629        0.0676                   0.0707         0.0777                    0.0805           0.0755                      0.0787     0.3465     0.2408     0.1579     0.0669     0.0607    -0.0588    -0.0050    -0.1969    -0.1630     -0.1465                          1.0000            -0.0699              0.2747                       0.1382                   -0.0726              0.0227
MAF_Adj_LLD_AFRL2               0.0664  0.8690         0.1766                    0.2227        0.1525                   0.2420        0.2001                   0.1808         0.3346                    0.3347           0.2440                      0.2530     0.2146     0.2039     0.3580     0.2298     0.3709     0.3736     0.4618     0.8088     0.5587      0.4334                         -0.0699             1.0000              0.0471                       0.8572                    0.7119              0.7328
Recomb_Rate_10kbL2              0.2418  0.2039         0.0015                    0.0202        0.0097                   0.0318        0.0049                  -0.0051         0.0331                    0.0337           0.0244                      0.0272     0.0759     0.0502     0.0274     0.0925     0.1609     0.1253     0.1481     0.0862     0.1243      0.1627                          0.2747             0.0471              1.0000                       0.3012                   -0.0222              0.2092
Nucleotide_Diversity_10kbL2     0.1582  0.9415         0.2284                    0.2868        0.2160                   0.2810        0.2471                   0.2194         0.3902                    0.3917           0.2940                      0.3012     0.2566     0.2466     0.3636     0.2884     0.4418     0.4336     0.5063     0.7168     0.5736      0.4915                          0.1382             0.8572              0.3012                       1.0000                    0.6529              0.8157
Backgrd_Selection_StatL2        0.0733  0.8048         0.5418                    0.6425        0.4650                   0.6426        0.5002                   0.4730         0.6821                    0.6853           0.6078                      0.6150     0.1526     0.2307     0.3275     0.2188     0.3313     0.5085     0.4569     0.5489     0.4449      0.3495                         -0.0726             0.7119             -0.0222                       0.6529                    1.0000              0.8204
CpG_Content_50kbL2              0.1681  0.8787         0.5238                    0.6213        0.4796                   0.5954        0.4940                   0.4679         0.6163                    0.6208           0.6274                      0.6367     0.1692     0.2285     0.4021     0.2609     0.3899     0.4800     0.4670     0.6132     0.5144      0.4754                          0.0227             0.7328              0.2092                       0.8157                    0.8204              1.0000

LD Score Matrix Condition Number
2694.4763

Annotation Correlation Matrix
                              base  Coding_UCSC  Coding_UCSC.extend.500  UTR_5_UCSC  UTR_5_UCSC.extend.500  UTR_3_UCSC  UTR_3_UCSC.extend.500  Intron_UCSC  Intron_UCSC.extend.500  Promoter_UCSC  Promoter_UCSC.extend.500  MAFbin1  MAFbin2  MAFbin3  MAFbin4  MAFbin5  MAFbin6  MAFbin7     MAFbin8  MAFbin9  MAFbin10  MAF_Adj_Predicted_Allele_Age  MAF_Adj_LLD_AFR  Recomb_Rate_10kb  Nucleotide_Diversity_10kb  Backgrd_Selection_Stat  CpG_Content_50kb
base                           NaN          NaN                     NaN         NaN                    NaN         NaN                    NaN          NaN                     NaN            NaN                       NaN      NaN      NaN      NaN      NaN      NaN      NaN      NaN         NaN      NaN       NaN                           NaN              NaN               NaN                        NaN                     NaN               NaN
Coding_UCSC                    NaN       1.0000                  0.4801      0.3111                 0.1835      0.6199                 0.4500      -0.0490                  0.0497         0.1430                    0.1466  -0.0026  -0.0007  -0.0039  -0.0017  -0.0065  -0.0041  -0.0052 -7.2908e-03  -0.0039   -0.0015                   -8.2676e-03          -0.0131           -0.0084                    -0.0382                  0.1252            0.1026
Coding_UCSC.extend.500         NaN       0.4801                  1.0000      0.1756                 0.4261      0.3147                 0.4690       0.1850                  0.2406         0.2527                    0.2485  -0.0068   0.0019  -0.0038  -0.0040  -0.0046  -0.0014  -0.0064 -6.3369e-03  -0.0019    0.0002                   -7.9280e-03          -0.0210           -0.0121                    -0.0636                  0.2232            0.1859
UTR_5_UCSC                     NaN       0.3111                  0.1756      1.0000                 0.4659      0.1010                 0.0880       0.0003                  0.0541         0.2085                    0.1938  -0.0030  -0.0017   0.0026  -0.0029  -0.0032   0.0007  -0.0034 -3.0864e-03  -0.0013   -0.0027                   -6.6073e-03          -0.0047           -0.0034                    -0.0136                  0.0516            0.0591
UTR_5_UCSC.extend.500          NaN       0.1835                  0.4261      0.4659                 1.0000      0.0571                 0.1099       0.0917                  0.1369         0.4252                    0.3945  -0.0057  -0.0003   0.0016  -0.0038  -0.0046   0.0015  -0.0061 -2.5382e-03  -0.0010   -0.0018                   -9.9741e-03          -0.0130           -0.0006                    -0.0329                  0.1058            0.1205
UTR_3_UCSC                     NaN       0.6199                  0.3147      0.1010                 0.0571      1.0000                 0.6462      -0.0233                  0.0090         0.0661                    0.0720  -0.0032   0.0015  -0.0027   0.0008  -0.0026  -0.0030  -0.0018 -4.8449e-03  -0.0037    0.0004                   -4.1283e-03          -0.0114           -0.0047                    -0.0305                  0.0785            0.0680
UTR_3_UCSC.extend.500          NaN       0.4500                  0.4690      0.0880                 0.1099      0.6462                 1.0000       0.0400                  0.0710         0.1358                    0.1409  -0.0043   0.0005  -0.0025   0.0014  -0.0035  -0.0037  -0.0026 -3.1653e-03  -0.0064    0.0016                   -5.7508e-03          -0.0112           -0.0055                    -0.0379                  0.1124            0.0951
Intron_UCSC                    NaN      -0.0490                  0.1850      0.0003                 0.0917     -0.0233                 0.0400       1.0000                  0.9840         0.0915                    0.1030  -0.0102   0.0055   0.0007  -0.0060  -0.0064  -0.0034  -0.0035 -1.4597e-02  -0.0103   -0.0030                   -1.9034e-02          -0.0632           -0.0189                    -0.1753                  0.3051            0.1680
Intron_UCSC.extend.500         NaN       0.0497                  0.2406      0.0541                 0.1369      0.0090                 0.0710       0.9840                  1.0000         0.1206                    0.1304  -0.0107   0.0051   0.0008  -0.0064  -0.0074  -0.0037  -0.0044 -1.5436e-02  -0.0104   -0.0033                   -2.0145e-02          -0.0648           -0.0189                    -0.1772                  0.3147            0.1790
Promoter_UCSC                  NaN       0.1430                  0.2527      0.2085                 0.4252      0.0661                 0.1358       0.0915                  0.1206         1.0000                    0.9001  -0.0048   0.0012   0.0002  -0.0001  -0.0060  -0.0023  -0.0079 -3.2904e-03  -0.0007   -0.0012                   -1.3435e-02          -0.0270            0.0116                    -0.0316                  0.1221            0.1784
Promoter_UCSC.extend.500       NaN       0.1466                  0.2485      0.1938                 0.3945      0.0720                 0.1409       0.1030                  0.1304         0.9001                    1.0000  -0.0049   0.0016  -0.0002   0.0016  -0.0077  -0.0012  -0.0079 -4.5941e-03  -0.0012   -0.0010                   -1.2740e-02          -0.0302            0.0146                    -0.0352                  0.1343            0.1955
MAFbin1                        NaN      -0.0026                 -0.0068     -0.0030                -0.0057     -0.0032                -0.0043      -0.0102                 -0.0107        -0.0048                   -0.0049   1.0000  -0.0604  -0.0631  -0.0632  -0.0629  -0.0636  -0.0646 -6.4978e-02  -0.0636   -0.0621                    4.2807e-03           0.0198            0.0078                     0.0183                 -0.0211           -0.0129
MAFbin2                        NaN      -0.0007                  0.0019     -0.0017                -0.0003      0.0015                 0.0005       0.0055                  0.0051         0.0012                    0.0016  -0.0604   1.0000  -0.0601  -0.0602  -0.0599  -0.0605  -0.0615 -6.1861e-02  -0.0605   -0.0591                   -3.8714e-03          -0.0020            0.0070                     0.0074                 -0.0055            0.0038
MAFbin3                        NaN      -0.0039                 -0.0038      0.0026                 0.0016     -0.0027                -0.0025       0.0007                  0.0008         0.0002                   -0.0002  -0.0631  -0.0601   1.0000  -0.0629  -0.0626  -0.0633  -0.0642 -6.4634e-02  -0.0632   -0.0618                    2.8273e-03           0.0138           -0.0020                     0.0172                 -0.0085            0.0131
MAFbin4                        NaN      -0.0017                 -0.0040     -0.0029                -0.0038      0.0008                 0.0014      -0.0060                 -0.0064        -0.0001                    0.0016  -0.0632  -0.0602  -0.0629   1.0000  -0.0627  -0.0634  -0.0644 -6.4763e-02  -0.0634   -0.0619                   -1.3261e-02          -0.0094            0.0122                     0.0094                 -0.0145           -0.0044
MAFbin5                        NaN      -0.0065                 -0.0046     -0.0032                -0.0046     -0.0026                -0.0035      -0.0064                 -0.0074        -0.0060                   -0.0077  -0.0629  -0.0599  -0.0626  -0.0627   1.0000  -0.0631  -0.0640 -6.4431e-02  -0.0630   -0.0616                   -3.0365e-03           0.0139           -0.0049                     0.0228                 -0.0137           -0.0107
MAFbin6                        NaN      -0.0041                 -0.0014      0.0007                 0.0015     -0.0030                -0.0037      -0.0034                 -0.0037        -0.0023                   -0.0012  -0.0636  -0.0605  -0.0633  -0.0634  -0.0631   1.0000  -0.0647 -6.5138e-02  -0.0637   -0.0623                   -1.4399e-02           0.0032            0.0051                     0.0083                  0.0025           -0.0002
MAFbin7                        NaN      -0.0052                 -0.0064     -0.0034                -0.0061     -0.0018                -0.0026      -0.0035                 -0.0044        -0.0079                   -0.0079  -0.0646  -0.0615  -0.0642  -0.0644  -0.0640  -0.0647   1.0000 -6.6139e-02  -0.0647   -0.0632                   -8.4993e-03           0.0226            0.0054                     0.0294                 -0.0023           -0.0029
